2	22
2	53
2	111
2	185
2	205
2	209
2	211
2	218
2	222
2	241
2	272
2	335
2	337
2	341
2	350
2	361
2	372
2	375
2	381
2	382
2	395
2	401
2	408
2	446
2	469
2	475
2	483
2	515
2	531
2	533
2	535
2	552
2	559
2	573
2	583
2	661
2	687
2	695
2	708
2	728
2	756
2	776
2	783
2	832
2	836
2	842
2	854
2	865
2	869
2	880
2	884
2	887
2	898
2	900
2	905
2	914
2	918
2	939
2	946
2	956
2	993
2	1010
2	1011
2	1015
2	1075
2	1080
2	1098
2	1100
2	1108
2	1114
2	1120
2	1146
2	1148
2	1153
2	1174
2	1198
2	1201
2	1203
2	1247
2	1251
2	1265
2	1269
2	1282
2	1307
2	1346
2	1351
2	1359
2	1394
2	1403
2	1404
2	1406
2	1414
2	1415
2	1426
2	1430
2	1440
2	1468
2	1474
2	1478
2	1479
2	1488
2	1492
2	1497
2	1508
2	1513
2	1516
2	1542
2	1544
2	1584
2	1591
2	1594
2	1618
2	1627
2	1638
2	1651
2	1660
2	1661
2	1671
2	1679
2	1685
2	1695
2	1725
2	1741
2	1745
2	1759
2	1766
2	1773
2	1776
2	1786
2	1810
2	1827
2	1897
2	1922
2	1923
2	1940
2	1948
2	1970
2	2001
2	2002
2	2027
2	2031
2	2049
2	2050
2	2056
2	2100
2	2105
2	2141
2	2144
2	2159
2	2193
2	2198
2	2204
2	2208
2	2211
2	2237
2	2241
2	2251
2	2252
2	2255
2	2300
2	2305
2	2319
2	2320
2	2341
2	2344
2	2355
2	2356
2	2357
2	2360
2	2361
2	2363
2	2366
2	2398
2	2413
2	2428
22	2
22	111
22	241
22	247
22	267
22	341
22	381
22	395
22	531
22	540
22	576
22	661
22	842
22	854
22	918
22	956
22	1010
22	1075
22	1100
22	1174
22	1201
22	1307
22	1394
22	1618
22	1695
22	2031
22	2208
22	2798
22	3206
22	3480
22	4435
22	4753
22	4771
22	4793
22	4860
22	4902
22	4913
22	4914
22	4916
22	4923
22	4929
22	4930
22	4936
22	4937
22	4947
22	4956
22	4958
22	4977
22	4985
22	4989
22	4994
35	491
35	2810
35	4632
35	4994
35	5385
53	2
53	111
53	124
53	130
53	241
53	322
53	382
53	395
53	401
53	444
53	446
53	756
53	854
53	898
53	956
53	1075
53	1174
53	1201
53	1307
53	4771
53	4883
53	4936
53	5604
53	5607
53	5634
53	6182
53	6195
53	6199
53	6207
54	143
54	267
54	854
54	956
54	3682
54	6220
85	124
85	138
85	483
98	135
98	138
98	211
98	267
98	282
98	335
98	350
98	491
98	515
98	521
98	533
98	535
98	551
98	559
98	4790
98	4893
101	2300
101	3703
101	6199
101	8480
107	135
107	248
107	256
107	406
107	443
107	503
107	648
107	8606
107	8626
111	2
111	22
111	53
111	124
111	130
111	205
111	211
111	221
111	226
111	241
111	247
111	267
111	272
111	313
111	335
111	341
111	361
111	381
111	382
111	395
111	401
111	446
111	469
111	475
111	491
111	551
111	552
111	578
111	726
111	728
111	753
111	786
111	825
111	854
111	898
111	900
111	1010
111	1075
111	1108
111	1114
111	1148
111	1153
111	1201
111	1256
111	1307
111	1440
111	1618
111	1827
111	2193
111	2657
111	3087
111	3180
111	4815
111	6195
111	6199
111	6207
111	6220
111	8667
111	8670
111	8680
111	8703
111	8704
112	211
112	483
112	854
112	2300
112	3682
112	3870
112	4151
116	135
116	138
116	141
116	143
116	148
116	180
116	190
116	209
116	282
116	384
116	408
116	490
116	515
116	578
116	585
116	633
116	2255
116	3574
116	3703
116	3817
116	4501
116	5230
116	5236
116	5812
116	6139
116	8821
119	222
119	1010
119	1019
119	1174
119	1661
119	4268
119	5556
119	6594
119	9085
120	9136
124	53
124	85
124	111
124	158
124	267
124	525
124	577
124	914
124	1346
124	4398
124	9213
125	282
125	533
125	1542
125	2714
125	2754
125	3229
125	3697
125	3771
125	4678
125	4690
125	5243
125	5267
125	6453
125	8075
130	53
130	111
130	205
130	4936
130	6207
135	98
135	107
135	116
135	138
135	256
135	267
135	335
135	343
135	381
135	406
135	436
135	555
135	3336
135	8606
138	85
138	98
138	116
138	135
138	197
138	221
138	249
138	256
138	267
138	282
138	335
138	350
138	413
138	436
138	476
138	491
138	510
138	515
138	521
138	531
138	535
138	551
138	559
138	573
138	3340
138	4216
138	4893
138	5243
141	116
141	143
141	148
141	209
141	282
141	323
141	483
141	2754
141	3817
141	3870
141	3988
141	4165
141	4598
143	54
143	116
143	141
143	148
143	209
143	483
143	914
143	1773
143	2255
143	2319
143	2714
143	3742
143	3817
143	3870
143	3988
143	5236
143	5717
143	6155
148	116
148	141
148	143
148	180
148	190
148	209
148	282
148	483
148	490
148	522
148	3574
148	3914
148	4598
148	5236
148	5812
158	124
158	513
158	918
158	1201
158	2798
158	2800
158	3379
158	4896
158	10335
158	10351
158	10354
158	10367
158	10368
158	10374
158	10386
158	10388
158	10393
158	10410
158	10412
158	10426
158	10432
158	10441
158	10445
164	1474
164	2357
164	10610
164	10616
164	10624
170	583
174	189
174	190
174	282
174	408
174	460
174	522
174	555
174	1108
174	4302
174	6323
174	10849
174	10859
175	10107
175	10872
175	10904
175	10911
175	10928
175	10938
175	10940
175	10956
175	10962
175	10971
176	177
176	2355
176	4302
176	10849
176	11000
177	176
177	190
177	4302
177	6296
177	11000
177	11006
180	116
180	148
180	408
180	460
180	483
180	490
180	515
180	3817
180	4501
180	5230
180	5236
185	2
185	11074
189	174
189	190
189	282
189	460
189	555
189	4302
189	6319
189	6320
189	10849
189	10859
190	116
190	148
190	174
190	177
190	189
190	281
190	282
190	408
190	460
190	503
190	522
190	555
190	2255
190	4302
190	6319
190	6320
190	10849
190	10859
191	234
191	4743
197	138
197	267
197	413
205	2
205	111
205	130
205	401
205	408
205	469
205	555
205	680
205	756
205	854
205	1075
205	1108
205	1114
205	1201
205	1256
205	1394
205	1440
205	1827
205	2056
205	2255
205	2798
205	3157
205	3210
205	4283
205	4753
205	4771
205	4914
205	8667
205	8680
205	8704
209	2
209	116
209	141
209	143
209	148
209	211
209	323
209	483
209	956
209	2255
209	3383
209	3682
209	3769
209	3817
209	3870
209	3914
209	3985
209	3988
209	4078
209	4165
209	4390
209	4792
209	5667
209	11096
209	11361
211	2
211	98
211	111
211	112
211	209
211	241
211	335
211	350
211	382
211	401
211	446
211	525
211	588
211	708
211	819
211	854
211	918
211	956
211	984
211	1075
211	1198
211	1201
211	1394
211	1542
211	1679
211	2208
211	2319
211	2754
211	3328
211	3667
211	3842
211	3870
211	4771
211	4994
211	11096
211	11105
216	469
216	1940
218	2
218	337
218	483
218	486
218	1174
218	1201
218	1542
218	3012
218	3349
218	4141
218	4771
218	4807
218	6035
218	6257
218	6424
218	6425
218	6439
218	6453
218	6466
221	111
221	138
221	267
221	335
221	350
221	446
221	585
221	710
221	1108
221	2255
221	6323
221	8404
222	2
222	119
222	486
222	521
222	1010
222	1019
222	4268
222	10410
222	21996
226	111
226	241
226	267
226	335
226	475
226	486
226	560
226	576
226	947
226	976
226	1695
226	2319
226	4632
226	4806
226	5243
226	11019
226	12321
234	191
237	335
237	436
237	521
237	4585
241	2
241	22
241	53
241	111
241	211
241	226
241	272
241	291
241	335
241	341
241	361
241	381
241	382
241	395
241	401
241	444
241	446
241	469
241	475
241	491
241	535
241	551
241	552
241	576
241	661
241	726
241	728
241	756
241	825
241	880
241	918
241	956
241	976
241	984
241	1010
241	1052
241	1075
241	1201
241	1307
241	1384
241	1394
241	1395
241	1440
241	1542
241	1618
241	1940
241	1948
241	2193
241	2890
241	3087
241	3206
241	3384
241	3756
241	3964
241	4078
241	4435
241	4485
241	4785
241	4819
241	4874
241	4989
241	4994
241	6207
241	6756
241	7129
241	11109
241	11349
242	335
242	401
242	483
242	854
242	918
242	956
242	1075
242	1269
242	2319
242	19580
244	521
244	1011
244	1075
244	3229
244	4542
244	4547
244	4559
244	4738
247	22
247	111
247	382
247	395
247	578
247	1075
247	1153
247	10683
248	107
248	443
248	4585
248	4598
249	138
249	267
249	416
249	510
249	4368
249	4398
249	4738
256	107
256	135
256	138
256	267
256	273
256	343
256	392
256	406
256	447
256	475
256	5243
266	326
266	854
267	22
267	54
267	98
267	111
267	124
267	135
267	138
267	197
267	221
267	226
267	249
267	256
267	282
267	335
267	350
267	375
267	401
267	413
267	416
267	428
267	475
267	476
267	486
267	510
267	515
267	520
267	521
267	535
267	539
267	559
267	560
267	573
267	578
267	583
267	710
267	1695
267	3229
267	3444
267	3771
267	4216
267	4485
267	4678
267	4743
267	4806
267	4879
267	5243
267	5246
267	5663
267	6150
267	6248
267	8075
267	8404
267	11019
267	12321
267	19459
268	522
272	2
272	111
272	241
272	291
272	335
272	382
272	395
272	446
272	956
272	1940
272	3964
272	11349
273	256
273	570
273	576
281	190
281	384
281	436
281	555
281	585
281	4161
281	4585
281	6323
282	98
282	116
282	125
282	138
282	141
282	148
282	174
282	189
282	190
282	267
282	335
282	350
282	375
282	384
282	460
282	486
282	515
282	522
282	535
282	555
282	3944
282	4585
282	4627
282	4678
282	4743
282	5812
282	6319
282	10849
291	241
291	272
291	350
291	361
291	395
291	469
291	726
291	918
291	956
291	1052
291	1940
291	4771
291	5205
291	7129
291	9651
291	18415
312	483
312	3988
313	111
313	494
313	3870
313	5247
313	5504
322	53
322	382
322	401
322	436
322	576
322	854
322	1695
322	3340
322	4749
322	4753
322	4771
322	4893
322	4923
322	5246
322	6155
322	11074
323	141
323	209
323	401
323	483
323	918
323	956
323	1015
323	1174
323	2204
323	3870
323	3988
323	4904
323	5667
326	266
326	1394
326	4078
329	1479
332	19835
335	2
335	98
335	111
335	135
335	138
335	211
335	221
335	226
335	237
335	241
335	242
335	267
335	272
335	282
335	350
335	401
335	515
335	521
335	533
335	535
335	559
335	573
337	2
337	218
337	486
337	1948
337	3012
337	4141
337	4807
337	5187
337	5246
337	6035
337	6425
337	6453
341	2
341	22
341	111
341	241
341	382
341	395
341	583
341	728
341	776
341	842
341	854
341	874
341	1010
341	1075
341	1080
341	1098
341	1148
341	1174
341	1201
341	1269
341	1336
341	1384
341	1542
341	1591
341	1594
341	1638
341	2631
341	2707
341	3123
341	3207
341	4771
341	10374
341	24266
341	24300
343	135
343	256
343	392
343	534
343	583
346	503
346	576
350	2
350	98
350	138
350	211
350	221
350	267
350	282
350	291
350	335
350	372
350	375
350	381
350	401
350	515
350	521
350	535
350	559
350	573
350	1052
350	1198
350	3273
350	6139
350	19404
358	521
358	776
358	1685
358	4914
360	428
360	914
361	2
361	111
361	241
361	291
361	382
361	395
361	401
361	756
361	918
361	1201
361	1384
361	1394
361	2890
361	4930
366	854
372	2
372	350
372	382
372	573
372	918
372	1269
372	1394
372	1679
372	2050
372	2357
372	12722
375	2
375	267
375	282
375	350
375	515
375	535
375	573
375	956
375	3631
375	3909
375	4216
379	661
379	708
379	918
379	1201
379	1478
379	4858
379	4956
379	10107
379	10928
379	10971
379	25059
381	2
381	22
381	111
381	135
381	241
381	350
381	382
381	401
381	446
381	475
381	486
381	491
381	551
381	552
381	956
381	1010
381	1075
381	1201
381	1394
381	2319
381	3273
381	4632
381	4771
381	11032
381	11105
381	19580
382	2
382	53
382	111
382	211
382	241
382	247
382	272
382	322
382	341
382	361
382	372
382	381
382	395
382	401
382	428
382	436
382	446
382	469
382	491
382	551
382	552
382	661
382	726
382	756
382	825
382	854
382	918
382	956
382	984
382	1010
382	1075
382	1153
382	1174
382	1247
382	1269
382	1384
382	1394
382	2208
382	2211
382	2798
382	4589
382	4771
382	4958
382	4994
382	5245
382	12546
384	116
384	281
384	282
384	408
384	494
384	522
384	4585
392	256
392	343
392	447
395	2
395	22
395	53
395	111
395	241
395	247
395	272
395	291
395	341
395	361
395	382
395	401
395	446
395	469
395	552
395	578
395	583
395	708
395	728
395	756
395	776
395	854
395	918
395	956
395	1010
395	1075
395	1098
395	1114
395	1201
395	1359
395	1384
395	1394
395	2211
395	3999
395	4771
395	4956
395	4994
395	8480
395	10374
395	11105
395	12722
401	2
401	53
401	111
401	205
401	211
401	241
401	242
401	267
401	322
401	323
401	335
401	350
401	361
401	381
401	382
401	395
401	446
401	468
401	469
401	475
401	483
401	491
401	552
401	560
401	576
401	588
401	661
401	728
401	756
401	786
401	819
401	825
401	842
401	854
401	918
401	956
401	1010
401	1075
401	1098
401	1108
401	1114
401	1153
401	1174
401	1201
401	1307
401	1384
401	1394
401	1542
401	1745
401	2241
401	2319
401	2657
401	2784
401	2821
401	3087
401	3273
401	3328
401	3631
401	4165
401	4771
401	4781
401	4860
401	4914
401	4994
401	5663
401	8703
401	11096
401	11105
401	19096
406	107
406	135
406	256
406	503
408	2
408	116
408	174
408	180
408	190
408	205
408	384
408	444
408	460
408	486
408	522
408	531
408	555
408	585
408	1075
408	1108
408	1174
408	1201
408	4302
408	4496
408	4855
408	6320
408	10388
408	10859
408	25406
413	138
413	197
413	267
414	2193
416	249
416	267
416	577
416	4398
416	4467
416	4485
416	5607
416	6594
428	267
428	360
428	382
428	476
428	494
428	521
428	578
428	854
428	1201
428	1359
428	1766
428	2255
428	4165
428	4587
428	4686
428	4738
428	4771
428	4879
428	6248
436	135
436	138
436	237
436	281
436	322
436	382
436	585
436	1010
436	1201
436	3813
436	4161
436	14441
443	107
443	248
443	570
444	53
444	241
444	408
444	756
444	854
444	1010
444	1394
444	4771
444	4855
444	11011
444	28804
445	2998
445	19656
445	20150
445	28829
446	2
446	53
446	111
446	211
446	221
446	241
446	272
446	381
446	382
446	395
446	401
446	469
446	491
446	551
446	552
446	661
446	1010
446	1108
446	1153
446	1940
446	2193
446	2821
447	256
447	392
457	578
457	956
457	4268
457	29353
460	174
460	180
460	189
460	190
460	282
460	408
460	522
460	4508
460	4855
460	10849
460	10859
468	401
468	854
468	900
469	2
469	111
469	205
469	216
469	241
469	291
469	382
469	395
469	401
469	446
469	552
469	583
469	854
469	909
469	956
469	1010
469	1075
469	1114
469	1176
469	1201
469	1269
469	1384
469	1479
469	1940
469	1948
469	2144
469	2300
469	2798
469	3106
469	3440
469	4435
469	4594
469	5257
469	11097
472	10467
472	10468
475	2
475	111
475	226
475	241
475	256
475	267
475	381
475	401
475	486
475	491
475	576
475	583
475	710
475	956
475	1201
475	1542
475	1695
475	1922
475	2193
475	3444
475	4743
475	4806
475	5243
475	6046
475	10727
475	10758
475	11019
475	11032
475	12321
476	138
476	267
476	428
476	521
476	578
476	4485
476	4535
476	6594
483	2
483	85
483	112
483	141
483	143
483	148
483	180
483	209
483	218
483	242
483	312
483	323
483	401
483	535
483	956
483	1201
483	1773
483	2241
483	3682
483	3817
483	3870
483	3914
483	3985
483	3988
483	4165
483	4904
483	5717
483	6155
483	11097
483	11206
486	218
486	222
486	226
486	267
486	282
486	337
486	381
486	408
486	475
486	521
486	584
486	710
486	947
486	1108
486	1201
486	1695
486	1948
486	2255
486	2754
486	3012
486	3615
486	3935
486	4485
486	4617
486	4648
486	4657
486	4771
486	4804
486	4806
486	4936
486	5169
486	5177
486	5187
486	5189
486	5205
486	5209
486	5243
486	5246
486	6035
486	6046
486	6248
486	6424
486	6439
486	6453
486	11019
486	11105
486	12321
486	18190
486	20104
490	116
490	148
490	180
490	515
490	3018
490	3817
490	4151
490	5236
491	35
491	98
491	111
491	138
491	241
491	381
491	382
491	401
491	446
491	475
491	551
491	854
491	1075
491	1542
491	1922
491	3340
491	24266
494	313
494	384
494	428
494	1766
494	3756
494	4585
503	107
503	190
503	346
503	406
503	4210
510	138
510	249
510	267
510	3372
513	158
513	10388
513	10393
513	10441
513	14415
515	2
515	98
515	116
515	138
515	180
515	267
515	282
515	335
515	350
515	375
515	490
515	521
515	535
515	573
515	3817
515	4216
515	4535
515	4669
515	5243
515	5739
520	267
520	918
520	2193
520	5205
521	98
521	138
521	222
521	237
521	244
521	267
521	335
521	350
521	358
521	428
521	476
521	486
521	515
521	573
521	578
521	1019
521	1395
521	1671
521	2255
521	4268
521	4485
521	4535
521	4559
521	4587
521	4589
521	4730
521	4879
521	5842
521	6248
521	8404
521	11957
521	19565
521	21996
522	148
522	174
522	190
522	268
522	282
522	384
522	408
522	460
522	2255
525	124
525	211
525	918
525	4165
525	4771
525	4994
525	6257
531	2
531	22
531	138
531	408
531	578
531	583
531	661
531	1201
531	1827
531	2413
531	3006
531	5245
531	6220
531	6320
531	6752
531	11351
532	854
532	1394
532	1940
532	4771
533	2
533	98
533	125
533	335
533	2714
533	3229
533	8075
534	343
535	2
535	98
535	138
535	241
535	267
535	282
535	335
535	350
535	375
535	483
535	515
535	573
535	756
535	854
535	1075
535	2241
535	3870
535	3985
535	3988
535	4216
535	5667
535	5739
535	6150
539	267
540	22
540	786
540	1695
540	2255
540	3128
540	4501
540	4855
540	4896
540	4930
540	5189
540	5808
540	11070
551	98
551	111
551	138
551	241
551	381
551	382
551	446
551	491
551	1394
551	1922
551	3340
552	2
552	111
552	241
552	381
552	382
552	395
552	401
552	446
552	469
552	583
552	756
552	854
552	956
552	1010
552	1384
552	1394
552	1395
552	1542
552	2211
552	2798
552	4771
552	12546
555	135
555	174
555	189
555	190
555	205
555	281
555	282
555	408
555	585
555	1108
559	2
559	98
559	138
559	267
559	335
559	350
559	560
559	6116
559	6122
559	6150
559	6152
559	6155
559	6156
560	226
560	267
560	401
560	559
560	854
560	1695
560	4771
560	10751
570	273
570	443
573	2
573	138
573	267
573	335
573	350
573	372
573	375
573	515
573	521
573	535
573	4216
573	5243
573	5739
573	6220
573	10812
573	18898
576	22
576	226
576	241
576	273
576	322
576	346
576	401
576	475
576	854
576	4893
576	4923
577	124
577	416
577	1201
577	3834
577	19464
578	111
578	116
578	247
578	267
578	395
578	428
578	457
578	476
578	521
578	531
578	1108
578	1201
578	1766
578	2105
578	3229
578	3756
578	4398
578	4478
578	4531
578	4559
578	4587
578	4730
578	4738
578	4879
578	4902
578	4989
578	6594
578	8404
583	2
583	170
583	267
583	341
583	343
583	395
583	469
583	475
583	531
583	552
583	661
583	728
583	756
583	854
583	1098
583	1201
583	1359
583	1394
583	2798
583	3137
583	4994
584	486
584	6035
585	116
585	221
585	281
585	408
585	436
585	555
585	710
585	854
585	2255
585	4585
585	6323
588	211
588	401
620	854
620	925
620	1201
620	2049
620	12835
620	38150
620	38167
633	116
633	4501
633	5812
635	1174
635	1201
648	107
648	1174
661	2
661	22
661	241
661	379
661	382
661	401
661	446
661	531
661	583
661	756
661	918
661	1098
661	1201
661	1394
661	2050
661	2357
661	2366
661	2798
661	4771
661	4956
661	38436
661	39206
661	39219
661	39222
661	39233
668	854
668	4279
668	4771
677	734
677	2031
677	39311
680	205
680	854
680	918
680	1108
680	1440
680	8704
685	1245
685	19161
687	2
687	854
695	2
695	6257
695	6289
695	10849
695	11006
695	14814
708	2
708	211
708	379
708	395
708	854
708	914
708	1080
708	1394
708	1406
708	1468
708	1542
708	4435
708	4531
708	4663
708	4914
708	4956
708	15123
708	39584
708	39723
708	39727
708	39729
708	39745
708	39746
708	39750
710	221
710	267
710	475
710	486
710	585
710	4806
710	5243
719	854
719	5245
724	19456
726	111
726	241
726	291
726	382
726	756
726	1201
726	1394
726	4914
726	4958
728	2
728	111
728	241
728	341
728	395
728	401
728	583
728	956
728	6289
734	677
739	28829
741	3252
753	111
756	2
756	53
756	205
756	241
756	361
756	382
756	395
756	401
756	444
756	535
756	552
756	583
756	661
756	726
756	776
756	854
756	900
756	918
756	956
756	984
756	1010
756	1011
756	1075
756	1098
756	1108
756	1174
756	1201
756	1384
756	1394
756	1395
756	1403
756	1594
756	2208
756	4900
756	4956
756	4958
756	4994
756	6756
756	11105
756	12692
756	12788
756	38436
776	2
776	341
776	358
776	395
776	756
776	842
776	1010
776	1075
776	1098
776	1394
776	2357
783	2
783	19710
786	111
786	401
786	540
786	956
786	4771
786	4793
786	5556
819	211
819	401
819	3328
825	111
825	241
825	382
825	401
825	10727
832	2
836	2
836	6220
836	11105
842	2
842	22
842	341
842	401
842	776
842	874
842	887
842	1174
842	1201
842	1336
842	1940
842	2319
842	2357
842	2798
842	4771
842	5247
842	22782
842	39222
854	2
854	22
854	53
854	54
854	111
854	112
854	205
854	211
854	242
854	266
854	322
854	341
854	366
854	382
854	395
854	401
854	428
854	444
854	468
854	469
854	491
854	532
854	535
854	552
854	560
854	576
854	583
854	585
854	620
854	668
854	680
854	687
854	708
854	719
854	756
854	859
854	869
854	874
854	900
854	914
854	918
854	956
854	1010
854	1011
854	1075
854	1080
854	1108
854	1114
854	1174
854	1198
854	1201
854	1247
854	1307
854	1336
854	1384
854	1394
854	1497
854	1542
854	1594
854	1618
854	1638
854	1661
854	1695
854	1922
854	1948
854	2056
854	2105
854	2193
854	2241
854	2255
854	2300
854	2319
854	2356
854	2413
854	2518
854	2562
854	2660
854	2714
854	2821
854	2890
854	3229
854	3252
854	3340
854	3382
854	3499
854	3631
854	3834
854	3909
854	4078
854	4088
854	4165
854	4531
854	4542
854	4547
854	4551
854	4598
854	4632
854	4663
854	4738
854	4874
854	4956
854	4958
854	4977
854	4994
854	5247
854	5257
854	5406
854	5596
854	5667
854	5717
854	6035
854	6195
854	6220
854	6257
854	6323
854	6424
854	6425
854	6756
854	6892
854	10374
854	10445
854	10731
854	10758
854	11019
854	11032
854	11093
854	11096
854	11097
854	11109
854	11295
854	11349
854	11351
854	11352
854	11361
854	12876
854	14869
854	18415
854	18993
854	19580
854	22142
854	24266
854	24695
854	33491
854	34352
854	38368
854	38992
854	39002
854	39332
854	39452
854	39700
859	854
859	1108
859	1174
859	2255
859	3167
859	6257
865	2
865	1108
865	2255
865	2357
865	4517
865	5556
865	5843
869	2
869	854
869	1201
869	3137
874	341
874	842
874	854
874	1075
874	1201
874	4771
880	2
880	241
880	1468
880	4956
880	39623
880	39729
880	41970
880	42014
884	2
887	2
887	842
898	2
898	53
898	111
898	2363
898	5634
900	2
900	111
900	468
900	756
900	854
900	918
900	956
900	1075
900	1174
900	1201
900	1269
900	1679
900	1810
900	2821
900	4771
900	10727
905	2
905	1010
909	469
909	1075
909	1542
909	4647
914	2
914	124
914	143
914	360
914	708
914	854
914	918
914	1102
914	1108
914	1174
914	1201
914	1651
914	1725
914	2255
914	3772
914	4467
914	4517
914	4559
914	4771
914	4896
914	4937
914	5556
914	5808
914	14869
914	19755
914	39648
914	39700
918	2
918	22
918	158
918	211
918	241
918	242
918	291
918	323
918	361
918	372
918	379
918	382
918	395
918	401
918	520
918	525
918	661
918	680
918	756
918	854
918	900
918	914
918	984
918	1010
918	1080
918	1098
918	1148
918	1201
918	1351
918	1358
918	1394
918	1395
918	1406
918	1542
918	1594
918	1661
918	2056
918	2105
918	2204
918	2208
918	2300
918	2363
918	2660
918	2707
918	2890
918	3383
918	3870
918	4279
918	4283
918	4435
918	4508
918	4663
918	4738
918	4820
918	4937
918	4947
918	4956
918	4958
918	5169
918	5205
918	5247
918	5257
918	6752
918	6804
918	6892
918	10368
918	10374
918	11352
918	14673
918	14869
918	15123
918	18627
918	19161
918	38368
918	39002
918	39332
918	39559
918	39584
918	39723
918	39729
918	39746
925	620
925	1725
925	2428
925	9213
925	38150
939	2
939	39605
946	2
946	3914
946	4875
946	6257
947	226
947	486
947	1542
947	1948
947	2255
947	3229
947	3935
947	4634
947	5169
947	5187
947	5267
947	6150
947	16776
956	2
956	22
956	53
956	54
956	209
956	211
956	241
956	242
956	272
956	291
956	323
956	375
956	381
956	382
956	395
956	401
956	457
956	469
956	475
956	483
956	552
956	728
956	756
956	786
956	854
956	900
956	1010
956	1075
956	1114
956	1174
956	1201
956	1269
956	1351
956	1414
956	1516
956	1542
956	1594
956	1773
956	1922
956	2241
956	2255
956	2300
956	2319
956	2714
956	2821
956	2822
956	3106
956	3229
956	3328
956	3631
956	3682
956	3817
956	3914
956	3988
956	4078
956	4161
956	4165
956	4771
956	4875
956	4914
956	5667
956	5717
956	6289
956	8703
956	10374
956	10727
956	11032
956	11096
956	11295
956	19459
956	24266
975	2363
975	2638
975	29286
976	226
976	241
976	1940
976	4771
976	10445
984	211
984	241
984	382
984	756
984	918
984	1174
984	1201
984	2208
984	4900
985	43500
993	2
993	1153
993	1488
993	10731
1010	2
1010	22
1010	111
1010	119
1010	222
1010	241
1010	341
1010	381
1010	382
1010	395
1010	401
1010	436
1010	444
1010	446
1010	469
1010	552
1010	756
1010	776
1010	854
1010	905
1010	918
1010	956
1010	1075
1010	1108
1010	1114
1010	1153
1010	1174
1010	1201
1010	1269
1010	1384
1010	1394
1010	1403
1010	1661
1010	1922
1010	1940
1010	2211
1010	2255
1010	3180
1010	3813
1010	4496
1010	5245
1010	8703
1010	18415
1010	18478
1010	43679
1011	2
1011	244
1011	756
1011	854
1011	1075
1011	1201
1011	2255
1011	4547
1011	4771
1011	6220
1015	2
1015	323
1015	1497
1019	119
1019	222
1019	521
1019	4268
1019	4585
1019	5556
1019	8404
1019	21996
1052	241
1052	291
1052	350
1052	1075
1052	4879
1069	14509
1075	2
1075	22
1075	53
1075	111
1075	205
1075	211
1075	241
1075	242
1075	244
1075	247
1075	341
1075	381
1075	382
1075	395
1075	401
1075	408
1075	469
1075	491
1075	535
1075	756
1075	776
1075	854
1075	874
1075	900
1075	909
1075	956
1075	1010
1075	1011
1075	1052
1075	1108
1075	1114
1075	1153
1075	1174
1075	1201
1075	1269
1075	1353
1075	1479
1075	1516
1075	1542
1075	1594
1075	1638
1075	1661
1075	1685
1075	1773
1075	1940
1075	2300
1075	2707
1075	2890
1075	3207
1075	3229
1075	4531
1075	4598
1075	4761
1075	5667
1075	6756
1075	10727
1075	10730
1075	10758
1075	11032
1075	11096
1075	14869
1075	24300
1075	28804
1075	38992
1075	44200
1080	2
1080	341
1080	708
1080	854
1080	918
1080	1148
1080	1153
1080	3834
1080	4435
1080	8703
1080	18430
1086	3817
1098	2
1098	341
1098	395
1098	401
1098	583
1098	661
1098	756
1098	776
1098	918
1098	1594
1098	2357
1098	5908
1098	38436
1100	2
1100	22
1100	2144
1100	4947
1100	12835
1102	914
1102	2255
1108	2
1108	111
1108	174
1108	205
1108	221
1108	401
1108	408
1108	446
1108	486
1108	555
1108	578
1108	680
1108	756
1108	854
1108	859
1108	865
1108	914
1108	1010
1108	1075
1108	1201
1108	1256
1108	1415
1108	1440
1108	1685
1108	1827
1108	2056
1108	2255
1108	2660
1108	3123
1108	3137
1108	3167
1108	3210
1108	3253
1108	3400
1108	3449
1108	3813
1108	3909
1108	4283
1108	4390
1108	4478
1108	4496
1108	4517
1108	4793
1108	4914
1108	4956
1108	5169
1108	5277
1108	5556
1108	5842
1108	5908
1108	5970
1108	6220
1108	6756
1108	8667
1108	8680
1108	8704
1108	10730
1108	28399
1114	2
1114	111
1114	205
1114	395
1114	401
1114	469
1114	854
1114	956
1114	1010
1114	1075
1114	1174
1114	1478
1114	1479
1114	2821
1114	3123
1114	6892
1120	2
1146	2
1146	1176
1146	3106
1146	4594
1148	2
1148	111
1148	341
1148	918
1148	1080
1148	1174
1148	8703
1153	2
1153	111
1153	247
1153	382
1153	401
1153	446
1153	993
1153	1010
1153	1075
1153	1080
1153	1201
1153	4435
1153	4771
1153	4860
1153	14415
1174	2
1174	22
1174	53
1174	119
1174	218
1174	323
1174	341
1174	382
1174	401
1174	408
1174	635
1174	648
1174	756
1174	842
1174	854
1174	859
1174	900
1174	914
1174	956
1174	984
1174	1010
1174	1075
1174	1114
1174	1148
1174	1201
1174	1269
1174	1346
1174	1394
1174	1897
1174	1922
1174	2027
1174	2105
1174	2255
1174	2300
1174	2319
1174	2357
1174	2360
1174	2798
1174	2821
1174	2890
1174	3157
1174	3229
1174	3328
1174	4435
1174	4531
1174	4542
1174	4663
1174	4771
1174	4956
1174	4958
1174	5247
1174	5257
1174	5479
1174	5556
1174	6257
1174	6439
1174	6804
1174	11074
1174	18415
1174	19574
1174	19580
1174	22782
1174	39002
1176	469
1176	1146
1176	2300
1176	3106
1192	3771
1192	5243
1198	2
1198	211
1198	350
1198	854
1198	10557
1200	19161
1201	2
1201	22
1201	53
1201	111
1201	158
1201	205
1201	211
1201	218
1201	241
1201	341
1201	361
1201	379
1201	381
1201	395
1201	401
1201	408
1201	428
1201	436
1201	469
1201	475
1201	483
1201	486
1201	531
1201	577
1201	578
1201	583
1201	620
1201	635
1201	661
1201	726
1201	756
1201	842
1201	854
1201	869
1201	874
1201	900
1201	914
1201	918
1201	956
1201	984
1201	1010
1201	1011
1201	1075
1201	1108
1201	1153
1201	1174
1201	1203
1201	1269
1201	1307
1201	1346
1201	1351
1201	1394
1201	1415
1201	1430
1201	1468
1201	1474
1201	1478
1201	1479
1201	1488
1201	1542
1201	1594
1201	1618
1201	1695
1201	1922
1201	1940
1201	1948
1201	2193
1201	2204
1201	2241
1201	2255
1201	2300
1201	2319
1201	2357
1201	2360
1201	2363
1201	2714
1201	2798
1201	2815
1201	2890
1201	3074
1201	3340
1201	3384
1201	3400
1201	3870
1201	3999
1201	4161
1201	4268
1201	4435
1201	4496
1201	4531
1201	4542
1201	4585
1201	4738
1201	4771
1201	4820
1201	4860
1201	4900
1201	4914
1201	4977
1201	5245
1201	5247
1201	5406
1201	6220
1201	6439
1201	6756
1201	10147
1201	10393
1201	10727
1201	11019
1201	11074
1201	11105
1201	11349
1201	12692
1201	16936
1201	19048
1201	19177
1201	38428
1201	39612
1201	39770
1203	2
1203	1201
1203	2255
1203	11105
1245	685
1245	19161
1247	2
1247	382
1247	854
1247	2144
1247	12546
1251	2
1251	1415
1251	14428
1251	48457
1256	111
1256	205
1256	1108
1256	1440
1256	6220
1256	8667
1256	8680
1256	8704
1265	2
1265	1394
1269	2
1269	242
1269	341
1269	372
1269	382
1269	469
1269	900
1269	956
1269	1010
1269	1075
1269	1174
1269	1201
1269	1394
1269	1685
1269	1940
1269	2798
1269	3210
1269	4531
1269	4929
1269	5257
1269	11361
1274	5808
1274	8703
1274	48860
1282	2
1282	4542
1307	2
1307	22
1307	53
1307	111
1307	241
1307	401
1307	854
1307	1201
1307	2193
1307	2657
1307	49202
1336	341
1336	842
1336	854
1336	2361
1336	2707
1346	2
1346	124
1346	1174
1346	1201
1346	4398
1346	49564
1346	49573
1351	2
1351	918
1351	956
1351	1201
1351	2204
1351	34352
1351	49624
1352	1353
1353	1075
1353	1352
1356	1415
1356	1426
1356	1430
1356	5406
1356	14428
1356	15123
1356	38230
1356	38588
1356	38736
1358	918
1358	4517
1358	5556
1358	6257
1358	10374
1358	11556
1359	2
1359	395
1359	428
1359	583
1359	4994
1381	49841
1384	241
1384	341
1384	361
1384	382
1384	395
1384	401
1384	469
1384	552
1384	756
1384	854
1384	1010
1384	4496
1388	8626
1388	49865
1394	2
1394	22
1394	205
1394	211
1394	241
1394	326
1394	361
1394	372
1394	381
1394	382
1394	395
1394	401
1394	444
1394	532
1394	551
1394	552
1394	583
1394	661
1394	708
1394	726
1394	756
1394	776
1394	854
1394	918
1394	1010
1394	1174
1394	1201
1394	1265
1394	1269
1394	1440
1394	1474
1394	1594
1394	1671
1394	1679
1394	1922
1394	1940
1394	2050
1394	2204
1394	2357
1394	3580
1394	4435
1394	4589
1394	4860
1394	10374
1394	10616
1394	10677
1394	11098
1394	11105
1394	12505
1394	12722
1394	18415
1394	19096
1394	19580
1394	38167
1394	38371
1394	38495
1394	38545
1394	39332
1394	39727
1394	39750
1394	49906
1394	49918
1394	49920
1394	49938
1394	49968
1394	49973
1394	49980
1395	241
1395	521
1395	552
1395	756
1395	918
1395	4268
1395	20107
1395	21996
1395	50005
1403	2
1403	756
1403	1010
1403	2357
1403	2798
1403	38201
1404	2
1406	2
1406	708
1406	918
1406	49147
1414	2
1414	956
1415	2
1415	1108
1415	1201
1415	1251
1415	1356
1415	1426
1415	1430
1415	3279
1415	3340
1415	4956
1415	5406
1415	14428
1415	38230
1415	38515
1415	38588
1415	38736
1426	2
1426	1356
1426	1415
1426	1430
1426	4956
1426	5406
1426	15123
1426	38736
1430	2
1430	1201
1430	1356
1430	1415
1430	1426
1430	1970
1430	3279
1430	4956
1430	5406
1430	14428
1430	15123
1430	38230
1430	38515
1430	38706
1430	38878
1440	2
1440	111
1440	205
1440	241
1440	680
1440	1108
1440	1256
1440	1394
1440	1827
1440	2056
1440	6756
1440	8667
1440	8680
1440	8704
1468	2
1468	708
1468	880
1468	1201
1468	1679
1468	2050
1468	10872
1468	39579
1474	2
1474	164
1474	1201
1474	1394
1474	2357
1474	3580
1474	38364
1474	49938
1478	2
1478	379
1478	1114
1478	1201
1478	10971
1478	19194
1478	39434
1478	39561
1479	2
1479	329
1479	469
1479	1075
1479	1114
1479	1201
1479	11349
1479	34352
1488	2
1488	993
1488	1201
1488	1542
1492	2
1492	2050
1492	10374
1492	14443
1497	2
1497	854
1497	1015
1508	2
1513	2
1513	2002
1513	2027
1513	2050
1516	2
1516	956
1516	1075
1516	4771
1542	2
1542	125
1542	211
1542	218
1542	241
1542	341
1542	401
1542	475
1542	491
1542	552
1542	708
1542	854
1542	909
1542	918
1542	947
1542	956
1542	1075
1542	1201
1542	1488
1542	1948
1542	2193
1542	2583
1542	2631
1542	2714
1542	3229
1542	3379
1542	3499
1542	4078
1542	4165
1542	5667
1542	10727
1542	10758
1542	11096
1542	12729
1542	14869
1542	24266
1542	33491
1544	2
1584	2
1591	2
1591	341
1594	2
1594	341
1594	756
1594	854
1594	918
1594	956
1594	1075
1594	1098
1594	1201
1594	1394
1594	4435
1594	4771
1594	11105
1594	19603
1594	19860
1594	39727
1618	2
1618	22
1618	111
1618	241
1618	854
1618	1201
1618	3756
1618	11349
1627	2
1638	2
1638	341
1638	854
1638	1075
1638	2707
1651	2
1651	914
1651	2255
1651	3697
1651	4517
1651	5808
1660	2
1660	2255
1660	6257
1660	38289
1661	2
1661	119
1661	854
1661	918
1661	1010
1661	1075
1661	2211
1661	4161
1661	4527
1661	5245
1661	18478
1671	2
1671	521
1671	1394
1671	11098
1671	11957
1671	55195
1679	2
1679	211
1679	372
1679	900
1679	1394
1679	1468
1679	4771
1679	4956
1679	19303
1679	39727
1679	39750
1685	2
1685	358
1685	1075
1685	1108
1685	1269
1685	2660
1685	3157
1685	4771
1695	2
1695	22
1695	226
1695	267
1695	322
1695	475
1695	486
1695	540
1695	560
1695	854
1695	1201
1695	1948
1695	3771
1695	3935
1695	4632
1695	4663
1695	4761
1695	5243
1695	11019
1695	12321
1695	49370
1725	2
1725	914
1725	925
1725	2193
1725	6424
1725	6439
1725	6466
1725	49304
1741	2
1741	1948
1745	2
1745	401
1759	2
1759	4771
1766	2
1766	428
1766	494
1766	578
1766	4994
1773	2
1773	143
1773	483
1773	956
1773	1075
1773	3870
1773	3985
1776	2
1786	2
1786	49383
1786	49386
1810	2
1810	900
1810	1940
1827	2
1827	111
1827	205
1827	531
1827	1108
1827	1440
1827	8704
1827	49804
1897	2
1897	1174
1897	11352
1922	2
1922	475
1922	491
1922	551
1922	854
1922	956
1922	1010
1922	1174
1922	1201
1922	1394
1922	1948
1922	3340
1922	4771
1922	10374
1922	24266
1923	2
1940	2
1940	216
1940	241
1940	272
1940	291
1940	446
1940	469
1940	532
1940	842
1940	976
1940	1010
1940	1075
1940	1201
1940	1269
1940	1394
1940	1810
1940	3813
1940	4435
1940	4542
1940	4771
1940	4820
1940	4860
1940	5843
1940	10374
1940	43122
1948	2
1948	241
1948	337
1948	469
1948	486
1948	854
1948	947
1948	1201
1948	1542
1948	1695
1948	1741
1948	1922
1948	2660
1948	2727
1948	2930
1948	3229
1948	3395
1948	3499
1948	3935
1948	4616
1948	4657
1948	4790
1948	4806
1948	5187
1948	5205
1948	6122
1948	6139
1948	6155
1948	10374
1948	11032
1948	11070
1948	19404
1948	28900
1948	39951
1970	2
1970	1430
1970	59010
2001	2
2002	2
2002	1513
2027	2
2027	1174
2027	1513
2027	19177
2031	2
2031	22
2031	677
2031	2300
2049	2
2049	620
2049	2428
2049	3999
2049	12835
2050	2
2050	372
2050	661
2050	1394
2050	1468
2050	1492
2050	1513
2050	2357
2050	4956
2050	14988
2050	19768
2050	38545
2050	39750
2050	46620
2050	49101
2056	2
2056	205
2056	854
2056	918
2056	1108
2056	1440
2100	2
2105	2
2105	578
2105	854
2105	918
2105	1174
2105	2255
2105	2754
2105	4517
2105	4771
2105	11105
2141	2
2144	2
2144	469
2144	1100
2144	1247
2159	2
2193	2
2193	111
2193	241
2193	414
2193	446
2193	475
2193	520
2193	854
2193	1201
2193	1307
2193	1542
2193	1725
2193	2363
2193	11032
2193	24266
2198	2
2204	2
2204	323
2204	918
2204	1201
2204	1351
2204	1394
2204	4268
2204	9213
2204	12942
2204	28366
2204	38371
2204	39332
2204	39729
2204	49349
2208	2
2208	22
2208	211
2208	382
2208	756
2208	918
2208	984
2208	4958
2208	11097
2211	2
2211	382
2211	395
2211	552
2211	1010
2211	1661
2237	2
2241	2
2241	401
2241	483
2241	535
2241	854
2241	956
2241	1201
2241	5663
2241	5717
2241	5736
2241	10837
2251	2
2252	2
2252	6463
2255	2
2255	116
2255	143
2255	190
2255	205
2255	209
2255	221
2255	428
2255	486
2255	521
2255	522
2255	540
2255	585
2255	854
2255	859
2255	865
2255	914
2255	947
2255	956
2255	1010
2255	1011
2255	1102
2255	1108
2255	1174
2255	1201
2255	1203
2255	1651
2255	1660
2255	2105
2255	2300
2255	2357
2255	2878
2255	3074
2255	3157
2255	3349
2255	3870
2255	3888
2255	3914
2255	4141
2255	4161
2255	4390
2255	4501
2255	4517
2255	4531
2255	4589
2255	4770
2255	4771
2255	4855
2255	4896
2255	4914
2255	4937
2255	4956
2255	5205
2255	5556
2255	5970
2255	6257
2255	6479
2255	11011
2255	11352
2255	11556
2255	14898
2255	19048
2255	28366
2255	44990
2300	2
2300	101
2300	112
2300	469
2300	854
2300	918
2300	956
2300	1075
2300	1174
2300	1176
2300	1201
2300	2031
2300	2255
2300	2320
2300	3106
2300	4594
2300	4771
2300	11105
2305	2
2319	2
2319	143
2319	211
2319	226
2319	242
2319	381
2319	401
2319	842
2319	854
2319	956
2319	1174
2319	1201
2319	2754
2319	3682
2319	4632
2319	10374
2319	11096
2319	11105
2320	2
2320	2300
2320	5257
2341	2
2344	2
2344	3448
2344	49415
2355	2
2355	176
2355	4956
2356	2
2356	854
2356	6046
2357	2
2357	164
2357	372
2357	661
2357	776
2357	842
2357	865
2357	1098
2357	1174
2357	1201
2357	1394
2357	1403
2357	1474
2357	2050
2357	2255
2357	3580
2357	3698
2357	4753
2357	4771
2357	7590
2357	10616
2357	10751
2357	11105
2357	26885
2357	28399
2357	38368
2357	39750
2357	49906
2357	49920
2357	49938
2360	2
2360	1174
2360	1201
2360	10971
2361	2
2361	1336
2361	34352
2363	2
2363	898
2363	918
2363	975
2363	1201
2363	2193
2363	4874
2366	2
2366	661
2366	4690
2366	44990
2398	2
2398	4956
2398	10107
2398	10911
2398	10971
2398	19385
2413	2
2413	531
2413	854
2428	2
2428	925
2428	2049
2428	12835
2518	854
2518	3574
2545	4883
2562	854
2562	10374
2583	1542
2631	341
2631	1542
2638	975
2638	2730
2638	29286
2657	111
2657	401
2657	1307
2660	854
2660	918
2660	1108
2660	1685
2660	1948
2660	3279
2660	4496
2660	4594
2660	4657
2660	5169
2660	5205
2660	10374
2660	10393
2660	10410
2660	19835
2685	3228
2693	4627
2707	341
2707	918
2707	1075
2707	1336
2707	1638
2714	125
2714	143
2714	533
2714	854
2714	956
2714	1201
2714	1542
2714	2715
2714	3229
2715	2714
2727	1948
2727	19710
2730	2638
2751	3413
2754	125
2754	141
2754	211
2754	486
2754	2105
2754	2319
2754	3229
2754	4806
2784	401
2784	4799
2798	22
2798	158
2798	205
2798	382
2798	469
2798	552
2798	583
2798	661
2798	842
2798	1174
2798	1201
2798	1269
2798	1403
2798	4929
2798	6220
2798	14428
2800	158
2800	3353
2800	10368
2800	10374
2800	10410
2800	11105
2810	35
2810	4648
2815	1201
2821	401
2821	446
2821	854
2821	900
2821	956
2821	1114
2821	1174
2822	956
2878	2255
2890	241
2890	361
2890	854
2890	918
2890	1075
2890	1174
2890	1201
2890	3446
2890	11349
2890	38896
2909	4435
2926	6150
2930	1948
2930	3229
2930	4547
2971	4860
2998	445
3006	531
3010	4947
3012	218
3012	337
3012	486
3012	4141
3012	4517
3012	6035
3012	6425
3012	6453
3018	490
3018	3703
3018	3817
3018	4151
3074	1201
3074	2255
3074	3649
3074	4517
3074	4771
3074	29294
3087	111
3087	241
3087	401
3105	3299
3106	469
3106	956
3106	1146
3106	1176
3106	2300
3106	4594
3106	6320
3123	341
3123	1108
3123	1114
3128	540
3137	583
3137	869
3137	1108
3137	11006
3157	205
3157	1174
3157	1685
3157	2255
3157	4771
3157	11000
3165	3227
3165	12876
3167	859
3167	1108
3167	5576
3180	111
3180	1010
3206	22
3206	241
3206	38289
3207	341
3207	1075
3207	44200
3210	205
3210	1108
3210	1269
3227	3165
3227	12876
3228	2685
3229	125
3229	244
3229	267
3229	533
3229	578
3229	854
3229	947
3229	956
3229	1075
3229	1174
3229	1542
3229	1948
3229	2714
3229	2754
3229	2930
3229	3697
3229	4151
3229	4690
3229	4730
3229	4743
3229	4771
3229	4879
3229	5243
3229	5267
3229	6257
3229	11105
3229	16776
3245	41069
3252	741
3252	854
3253	1108
3273	350
3273	381
3273	401
3273	6139
3273	11032
3279	1415
3279	1430
3279	2660
3299	3105
3313	55591
3328	211
3328	401
3328	819
3328	956
3328	1174
3336	135
3340	138
3340	322
3340	491
3340	551
3340	854
3340	1201
3340	1415
3340	1922
3340	4761
3340	11070
3349	218
3349	2255
3349	6453
3349	6798
3353	2800
3372	510
3379	158
3379	1542
3382	854
3383	209
3383	918
3383	3870
3383	11105
3384	241
3384	1201
3384	3756
3384	4879
3395	1948
3395	3396
3396	3395
3399	3400
3400	1108
3400	1201
3400	3399
3400	6798
3413	2751
3426	3742
3426	3988
3439	18993
3440	469
3440	4669
3444	267
3444	475
3444	11019
3444	12321
3446	2890
3448	2344
3449	1108
3449	5908
3463	4467
3480	22
3486	14967
3486	19481
3499	854
3499	1542
3499	1948
3574	116
3574	148
3574	2518
3574	14447
3580	1394
3580	1474
3580	2357
3580	14988
3580	38368
3615	486
3615	3944
3615	4627
3615	4647
3615	4678
3631	375
3631	401
3631	854
3631	956
3631	4764
3631	4771
3631	10727
3631	11105
3649	3074
3667	211
3667	3817
3682	54
3682	112
3682	209
3682	483
3682	956
3682	2319
3682	3870
3682	3985
3682	3988
3682	4078
3682	6139
3682	10248
3682	19404
3697	125
3697	1651
3697	3229
3697	12729
3698	2357
3698	4771
3700	3813
3700	11052
3700	11109
3703	101
3703	116
3703	3018
3703	3817
3703	3985
3703	3988
3703	4151
3703	5236
3703	5667
3703	22142
3716	4141
3742	143
3742	3426
3742	3988
3742	4078
3747	38436
3756	241
3756	494
3756	578
3756	1618
3756	3384
3756	4585
3756	4879
3756	4989
3769	209
3769	3988
3771	125
3771	267
3771	1192
3771	1695
3771	4648
3771	5243
3772	914
3772	4771
3813	436
3813	1010
3813	1108
3813	1940
3813	3700
3813	4632
3813	4771
3813	4956
3813	10374
3813	19603
3817	116
3817	141
3817	143
3817	180
3817	209
3817	483
3817	490
3817	515
3817	956
3817	1086
3817	3018
3817	3667
3817	3703
3817	3988
3817	4151
3817	5236
3817	10812
3817	22142
3834	577
3834	854
3834	1080
3842	211
3870	112
3870	141
3870	143
3870	209
3870	211
3870	313
3870	323
3870	483
3870	535
3870	918
3870	1201
3870	1773
3870	2255
3870	3383
3870	3682
3870	3985
3870	3988
3870	4165
3870	4914
3888	2255
3888	4141
3909	375
3909	854
3909	1108
3909	44990
3914	148
3914	209
3914	483
3914	946
3914	956
3914	2255
3914	4771
3914	5667
3935	486
3935	947
3935	1695
3935	1948
3935	4657
3935	5187
3935	5189
3935	11019
3935	20104
3944	282
3944	3615
3944	4627
3944	4632
3964	241
3964	272
3964	4874
3985	209
3985	483
3985	535
3985	1773
3985	3682
3985	3703
3985	3870
3985	3988
3988	141
3988	143
3988	209
3988	312
3988	323
3988	483
3988	535
3988	956
3988	3426
3988	3682
3988	3703
3988	3742
3988	3769
3988	3817
3988	3870
3988	3985
3988	4078
3988	5667
3999	395
3999	1201
3999	2049
3999	19565
4078	209
4078	241
4078	326
4078	854
4078	956
4078	1542
4078	3682
4078	3742
4078	3988
4078	4771
4078	19585
4088	854
4088	10731
4088	19162
4141	218
4141	337
4141	2255
4141	3012
4141	3716
4141	3888
4141	4517
4141	4807
4141	5169
4141	6035
4141	6439
4141	6453
4141	6466
4151	112
4151	490
4151	3018
4151	3229
4151	3703
4151	3817
4151	5236
4151	22142
4161	281
4161	436
4161	956
4161	1201
4161	1661
4161	2255
4161	4435
4161	4527
4161	5245
4161	48990
4165	141
4165	209
4165	401
4165	428
4165	483
4165	525
4165	854
4165	956
4165	1542
4165	3870
4210	503
4216	138
4216	267
4216	375
4216	515
4216	535
4216	573
4216	5739
4268	119
4268	222
4268	457
4268	521
4268	1019
4268	1201
4268	1395
4268	2204
4268	4485
4268	4535
4268	4589
4268	4738
4268	4956
4268	5812
4268	5842
4268	6248
4268	6289
4268	10730
4268	11957
4268	14861
4268	19565
4268	21996
4279	668
4279	918
4279	4771
4283	205
4283	918
4283	1108
4302	174
4302	176
4302	177
4302	189
4302	190
4302	408
4302	6319
4302	6320
4302	10859
4318	4319
4319	4318
4368	249
4368	4855
4390	209
4390	1108
4390	2255
4390	4467
4390	4517
4398	124
4398	249
4398	416
4398	578
4398	1346
4398	5496
4398	5970
4435	22
4435	241
4435	469
4435	708
4435	918
4435	1080
4435	1153
4435	1174
4435	1201
4435	1394
4435	1594
4435	1940
4435	2909
4435	4161
4435	4663
4435	4771
4435	4820
4435	4985
4435	5808
4435	10354
4435	11105
4435	11349
4435	19096
4466	4467
4466	4478
4466	4819
4466	4879
4467	416
4467	914
4467	3463
4467	4390
4467	4466
4467	4475
4467	4478
4467	5529
4467	5556
4467	5576
4467	5596
4475	4467
4475	4478
4478	578
4478	1108
4478	4466
4478	4467
4478	4475
4478	5496
4485	241
4485	267
4485	416
4485	476
4485	486
4485	521
4485	4268
4485	4585
4485	4587
4485	4603
4485	4936
4485	6278
4485	6594
4485	11957
4489	4492
4492	4489
4492	4493
4492	19769
4493	4492
4496	408
4496	1010
4496	1108
4496	1201
4496	1384
4496	2660
4501	116
4501	180
4501	540
4501	633
4501	2255
4501	4896
4501	5812
4508	460
4508	918
4517	865
4517	914
4517	1108
4517	1358
4517	1651
4517	2105
4517	2255
4517	3012
4517	3074
4517	4141
4517	4390
4517	4883
4517	4994
4517	6035
4517	7590
4517	11556
4517	19162
4527	1661
4527	4161
4527	4594
4531	578
4531	708
4531	854
4531	1075
4531	1174
4531	1201
4531	1269
4531	2255
4531	4771
4531	6257
4531	12788
4531	19378
4535	476
4535	515
4535	521
4535	4268
4535	10683
4542	244
4542	854
4542	1174
4542	1201
4542	1282
4542	1940
4542	4815
4542	11098
4542	49410
4542	49415
4547	244
4547	854
4547	1011
4547	2930
4551	854
4551	4585
4551	4738
4559	244
4559	521
4559	578
4559	914
4559	4663
4559	4738
4559	11957
4559	14441
4559	19755
4585	237
4585	248
4585	281
4585	282
4585	384
4585	494
4585	585
4585	1019
4585	1201
4585	3756
4585	4485
4585	4551
4585	4793
4585	4879
4587	428
4587	521
4587	578
4587	4485
4587	4589
4587	4647
4587	4730
4587	6248
4587	11957
4587	19378
4589	382
4589	521
4589	1394
4589	2255
4589	4268
4589	4587
4589	4914
4589	5596
4594	469
4594	1146
4594	2300
4594	2660
4594	3106
4594	4527
4598	141
4598	148
4598	248
4598	854
4598	1075
4603	4485
4603	4936
4616	1948
4616	6038
4617	486
4617	5177
4617	5189
4617	5205
4617	5209
4627	282
4627	2693
4627	3615
4627	3944
4627	4634
4627	4678
4627	4717
4627	4743
4627	4781
4632	35
4632	226
4632	381
4632	854
4632	1695
4632	2319
4632	3813
4632	3944
4634	947
4634	4627
4634	4678
4634	4690
4647	909
4647	3615
4647	4587
4647	4771
4648	486
4648	2810
4648	3771
4657	486
4657	1948
4657	2660
4657	3935
4657	4806
4657	5205
4657	8075
4657	20104
4663	708
4663	854
4663	918
4663	1174
4663	1695
4663	4435
4663	4559
4663	4771
4663	4994
4663	5808
4663	8703
4663	10374
4669	515
4669	3440
4669	4738
4678	125
4678	267
4678	282
4678	3615
4678	4627
4678	4634
4678	4690
4678	4717
4678	4738
4678	4743
4678	4781
4686	428
4686	6248
4690	125
4690	2366
4690	3229
4690	4634
4690	4678
4690	4743
4690	5267
4717	4627
4717	4678
4717	4743
4730	521
4730	578
4730	3229
4730	4587
4730	18190
4730	19755
4738	244
4738	249
4738	428
4738	578
4738	854
4738	918
4738	1201
4738	4268
4738	4551
4738	4559
4738	4669
4738	4678
4738	4864
4738	9622
4743	191
4743	267
4743	282
4743	475
4743	3229
4743	4627
4743	4678
4743	4690
4743	4717
4743	4781
4743	4806
4743	5243
4743	8075
4749	322
4753	22
4753	205
4753	322
4753	2357
4753	4923
4753	10393
4753	11074
4761	1075
4761	1695
4761	3340
4761	10374
4761	11070
4764	3631
4770	2255
4770	4771
4770	10107
4770	10137
4770	18808
4770	28375
4770	39556
4770	39602
4770	49824
4770	49920
4771	22
4771	53
4771	205
4771	211
4771	218
4771	291
4771	322
4771	341
4771	381
4771	382
4771	395
4771	401
4771	428
4771	444
4771	486
4771	525
4771	532
4771	552
4771	560
4771	661
4771	668
4771	786
4771	842
4771	874
4771	900
4771	914
4771	956
4771	976
4771	1011
4771	1153
4771	1174
4771	1201
4771	1516
4771	1594
4771	1679
4771	1685
4771	1759
4771	1922
4771	1940
4771	2105
4771	2255
4771	2300
4771	2357
4771	3074
4771	3157
4771	3229
4771	3631
4771	3698
4771	3772
4771	3813
4771	3914
4771	4078
4771	4279
4771	4435
4771	4531
4771	4647
4771	4663
4771	4770
4771	4819
4771	4896
4771	4956
4771	4994
4771	5247
4771	5257
4771	5267
4771	5717
4771	6892
4771	10374
4771	10727
4771	11957
4771	19710
4771	29175
4771	38230
4771	38368
4771	38436
4771	39727
4771	49340
4781	401
4781	4627
4781	4678
4781	4743
4781	4806
4785	241
4790	98
4790	1948
4792	209
4793	22
4793	786
4793	1108
4793	4585
4793	7590
4793	19048
4799	2784
4804	486
4804	6035
4804	6038
4804	6046
4806	226
4806	267
4806	475
4806	486
4806	710
4806	1948
4806	2754
4806	4657
4806	4743
4806	4781
4806	11019
4806	12321
4807	218
4807	337
4807	4141
4807	6038
4807	6463
4808	10624
4808	18415
4815	111
4815	4542
4819	241
4819	4466
4819	4771
4819	4879
4819	4900
4819	6756
4819	8480
4819	10426
4820	918
4820	1201
4820	1940
4820	4435
4820	4860
4820	5843
4855	408
4855	444
4855	460
4855	540
4855	2255
4855	4368
4858	379
4858	18808
4858	39561
4858	39612
4860	22
4860	401
4860	1153
4860	1201
4860	1394
4860	1940
4860	2971
4860	4820
4860	5843
4860	11105
4864	4738
4864	6257
4864	19835
4874	241
4874	854
4874	2363
4874	3964
4874	13832
4874	19285
4874	33303
4874	49202
4875	946
4875	956
4879	267
4879	428
4879	521
4879	578
4879	1052
4879	3229
4879	3384
4879	3756
4879	4466
4879	4585
4879	4819
4879	4989
4879	8404
4879	9622
4880	10445
4880	11074
4883	53
4883	2545
4883	4517
4883	6220
4893	98
4893	138
4893	322
4893	576
4896	158
4896	540
4896	914
4896	2255
4896	4501
4896	4771
4900	756
4900	984
4900	1201
4900	4819
4900	6756
4902	22
4902	578
4904	323
4904	483
4913	22
4914	22
4914	205
4914	358
4914	401
4914	708
4914	726
4914	956
4914	1108
4914	1201
4914	2255
4914	3870
4914	4589
4914	4956
4914	4994
4914	5257
4914	5717
4914	20104
4914	24695
4914	29175
4916	22
4923	22
4923	322
4923	576
4923	4753
4923	11074
4923	11105
4923	29286
4929	22
4929	1269
4929	2798
4930	22
4930	361
4930	540
4936	22
4936	53
4936	130
4936	486
4936	4485
4936	4603
4936	6207
4937	22
4937	914
4937	918
4937	2255
4947	22
4947	918
4947	1100
4947	3010
4947	4956
4947	12835
4947	39584
4956	22
4956	379
4956	395
4956	661
4956	708
4956	756
4956	854
4956	880
4956	918
4956	1108
4956	1174
4956	1415
4956	1426
4956	1430
4956	1679
4956	2050
4956	2255
4956	2355
4956	2398
4956	3813
4956	4268
4956	4771
4956	4914
4956	4947
4956	5406
4956	10374
4956	10727
4956	10911
4956	11098
4956	12722
4956	14861
4956	15123
4956	19074
4956	21996
4956	38230
4956	38736
4956	39332
4956	39584
4956	39630
4956	39729
4956	39745
4956	39750
4958	22
4958	382
4958	726
4958	756
4958	854
4958	918
4958	1174
4958	2208
4958	10374
4977	22
4977	854
4977	1201
4985	22
4985	4435
4989	22
4989	241
4989	578
4989	3756
4989	4879
4994	22
4994	35
4994	211
4994	241
4994	382
4994	395
4994	401
4994	525
4994	583
4994	756
4994	854
4994	1359
4994	1766
4994	4517
4994	4663
4994	4771
4994	4914
5169	486
5169	918
5169	947
5169	1108
5169	2660
5169	4141
5169	5187
5169	5234
5169	5246
5169	6439
5177	486
5177	4617
5177	5189
5177	5205
5177	5209
5177	5246
5187	337
5187	486
5187	947
5187	1948
5187	3935
5187	5169
5187	5205
5187	5246
5187	6122
5187	17205
5189	486
5189	540
5189	3935
5189	4617
5189	5177
5189	5205
5189	5209
5189	20104
5205	291
5205	486
5205	520
5205	918
5205	1948
5205	2255
5205	2660
5205	4617
5205	4657
5205	5177
5205	5187
5205	5189
5205	5209
5205	5234
5205	5246
5205	20104
5209	486
5209	4617
5209	5177
5209	5189
5209	5205
5209	20104
5230	116
5230	180
5230	5236
5230	5812
5234	5169
5234	5205
5236	116
5236	143
5236	148
5236	180
5236	490
5236	3703
5236	3817
5236	4151
5236	5230
5236	5812
5236	6116
5236	6122
5236	6139
5236	6155
5236	6248
5243	125
5243	138
5243	226
5243	256
5243	267
5243	475
5243	486
5243	515
5243	573
5243	710
5243	1192
5243	1695
5243	3229
5243	3771
5243	4743
5243	6248
5243	11019
5243	49370
5245	382
5245	531
5245	719
5245	1010
5245	1201
5245	1661
5245	4161
5246	267
5246	322
5246	337
5246	486
5246	5169
5246	5177
5246	5187
5246	5205
5246	6439
5246	6453
5247	313
5247	842
5247	854
5247	918
5247	1174
5247	1201
5247	4771
5247	5780
5247	6199
5247	10374
5257	469
5257	854
5257	918
5257	1174
5257	1269
5257	2320
5257	4771
5257	4914
5257	5556
5257	6798
5257	10374
5257	11105
5257	48895
5267	125
5267	947
5267	3229
5267	4690
5267	4771
5267	16776
5277	1108
5385	35
5385	11349
5406	854
5406	1201
5406	1356
5406	1415
5406	1426
5406	1430
5406	4956
5406	14428
5406	19174
5406	38878
5411	18627
5479	1174
5496	4398
5496	4478
5504	313
5529	4467
5556	119
5556	786
5556	865
5556	914
5556	1019
5556	1108
5556	1174
5556	1358
5556	2255
5556	4467
5556	5257
5556	5596
5556	5607
5576	3167
5576	4467
5596	854
5596	4467
5596	4589
5596	5556
5596	11105
5604	53
5607	53
5607	416
5607	5556
5634	53
5634	898
5663	267
5663	401
5663	2241
5663	5717
5663	5736
5667	209
5667	323
5667	535
5667	854
5667	956
5667	1075
5667	1542
5667	3703
5667	3914
5667	3988
5717	143
5717	483
5717	854
5717	956
5717	2241
5717	4771
5717	4914
5717	5663
5717	5736
5717	6220
5736	2241
5736	5663
5736	5717
5736	5739
5739	515
5739	535
5739	573
5739	4216
5739	5736
5780	5247
5780	5970
5808	540
5808	914
5808	1274
5808	1651
5808	4435
5808	4663
5808	39648
5812	116
5812	148
5812	282
5812	633
5812	4268
5812	4501
5812	5230
5812	5236
5842	521
5842	1108
5842	4268
5843	865
5843	1940
5843	4820
5843	4860
5843	6220
5908	1098
5908	1108
5908	3449
5908	5970
5908	39332
5970	1108
5970	2255
5970	4398
5970	5780
5970	5908
6035	218
6035	337
6035	486
6035	584
6035	854
6035	3012
6035	4141
6035	4517
6035	4804
6035	6038
6035	6425
6035	6439
6035	6453
6035	6463
6035	6466
6038	4616
6038	4804
6038	4807
6038	6035
6046	475
6046	486
6046	2356
6046	4804
6116	559
6116	5236
6116	6122
6116	6139
6116	6150
6116	6152
6116	6153
6116	6155
6116	6156
6122	559
6122	1948
6122	5187
6122	5236
6122	6116
6122	6139
6122	6155
6122	6156
6122	19404
6135	6155
6139	116
6139	350
6139	1948
6139	3273
6139	3682
6139	5236
6139	6116
6139	6122
6139	6155
6139	19404
6139	34352
6150	267
6150	535
6150	559
6150	947
6150	2926
6150	6116
6150	6155
6150	6156
6152	559
6152	6116
6152	6153
6152	6155
6153	6116
6153	6152
6153	6155
6155	143
6155	322
6155	483
6155	559
6155	1948
6155	5236
6155	6116
6155	6122
6155	6135
6155	6139
6155	6150
6155	6152
6155	6153
6155	6156
6155	19404
6156	559
6156	6116
6156	6122
6156	6150
6156	6155
6182	53
6195	53
6195	111
6195	854
6199	53
6199	101
6199	111
6199	5247
6199	19164
6207	53
6207	111
6207	130
6207	241
6207	4936
6220	54
6220	111
6220	531
6220	573
6220	836
6220	854
6220	1011
6220	1108
6220	1201
6220	1256
6220	2798
6220	4883
6220	5717
6220	5843
6220	10511
6220	12835
6248	267
6248	428
6248	486
6248	521
6248	4268
6248	4587
6248	4686
6248	5236
6248	5243
6257	218
6257	525
6257	695
6257	854
6257	859
6257	946
6257	1174
6257	1358
6257	1660
6257	2255
6257	3229
6257	4531
6257	4864
6257	6296
6257	10849
6278	4485
6278	6291
6278	6296
6289	695
6289	728
6289	956
6289	4268
6289	46620
6291	6278
6291	6296
6291	10849
6296	177
6296	6257
6296	6278
6296	6291
6319	189
6319	190
6319	282
6319	4302
6319	6320
6319	11349
6320	189
6320	190
6320	408
6320	531
6320	3106
6320	4302
6320	6319
6320	10859
6323	174
6323	221
6323	281
6323	585
6323	854
6424	218
6424	486
6424	854
6424	1725
6424	6453
6424	39727
6425	218
6425	337
6425	854
6425	3012
6425	6035
6425	6453
6439	218
6439	486
6439	1174
6439	1201
6439	1725
6439	4141
6439	5169
6439	5246
6439	6035
6439	22782
6453	125
6453	218
6453	337
6453	486
6453	3012
6453	3349
6453	4141
6453	5246
6453	6035
6453	6424
6453	6425
6463	2252
6463	4807
6463	6035
6466	218
6466	1725
6466	4141
6466	6035
6479	2255
6479	18931
6594	119
6594	416
6594	476
6594	578
6594	4485
6752	531
6752	918
6752	10616
6752	19768
6752	38368
6756	241
6756	756
6756	854
6756	1075
6756	1108
6756	1201
6756	1440
6756	4819
6756	4900
6756	8480
6756	39669
6798	3349
6798	3400
6798	5257
6804	918
6804	1174
6892	854
6892	918
6892	1114
6892	4771
7129	241
7129	291
7449	38289
7590	2357
7590	4517
7590	4793
7590	38364
7590	49938
8075	125
8075	267
8075	533
8075	4657
8075	4743
8404	221
8404	267
8404	521
8404	578
8404	1019
8404	4879
8404	11957
8480	101
8480	395
8480	4819
8480	6756
8606	107
8606	135
8626	107
8626	1388
8626	24695
8667	111
8667	205
8667	1108
8667	1256
8667	1440
8667	8680
8667	8704
8670	111
8680	111
8680	205
8680	1108
8680	1256
8680	1440
8680	8667
8703	111
8703	401
8703	956
8703	1010
8703	1080
8703	1148
8703	1274
8703	4663
8703	19096
8704	111
8704	205
8704	680
8704	1108
8704	1256
8704	1440
8704	1827
8704	8667
8704	49804
8821	116
9085	119
9136	120
9213	124
9213	925
9213	2204
9622	4738
9622	4879
9651	291
10107	175
10107	379
10107	2398
10107	4770
10107	10147
10107	10904
10107	10911
10107	10928
10107	10938
10107	10962
10107	10971
10107	39558
10137	4770
10137	18004
10137	39556
10137	39559
10137	39584
10137	42014
10137	49920
10145	18768
10145	39729
10147	1201
10147	10107
10147	10928
10147	39556
10147	39558
10147	39584
10147	39619
10147	39622
10147	39630
10147	49920
10248	3682
10335	158
10351	158
10351	10354
10351	10393
10354	158
10354	4435
10354	10351
10367	158
10367	10368
10368	158
10368	918
10368	2800
10368	10367
10368	10393
10368	10445
10368	11105
10374	158
10374	341
10374	395
10374	854
10374	918
10374	956
10374	1358
10374	1394
10374	1492
10374	1922
10374	1940
10374	1948
10374	2319
10374	2562
10374	2660
10374	2800
10374	3813
10374	4663
10374	4761
10374	4771
10374	4956
10374	4958
10374	5247
10374	5257
10374	10393
10374	10445
10374	10731
10374	11074
10374	11351
10374	11352
10374	12835
10374	18627
10386	158
10388	158
10388	408
10388	513
10388	10393
10388	10441
10393	158
10393	513
10393	1201
10393	2660
10393	4753
10393	10351
10393	10368
10393	10374
10393	10388
10393	10410
10393	10426
10393	11105
10410	158
10410	222
10410	2660
10410	2800
10410	10393
10412	158
10412	19510
10426	158
10426	4819
10426	10393
10426	11349
10426	41048
10432	158
10432	43679
10441	158
10441	513
10441	10388
10441	14415
10445	158
10445	854
10445	976
10445	4880
10445	10368
10445	10374
10445	11074
10467	472
10467	10468
10468	472
10468	10467
10511	6220
10522	10537
10537	10522
10557	1198
10610	164
10616	164
10616	1394
10616	2357
10616	6752
10616	39750
10616	49918
10616	143249
10624	164
10624	4808
10624	18415
10677	1394
10677	11957
10683	247
10683	4535
10683	10699
10683	10708
10699	10683
10708	10683
10727	475
10727	825
10727	900
10727	956
10727	1075
10727	1201
10727	1542
10727	3631
10727	4771
10727	4956
10727	10751
10727	11052
10727	11093
10730	1075
10730	1108
10730	4268
10730	11096
10731	854
10731	993
10731	4088
10731	10374
10751	560
10751	2357
10751	10727
10756	11027
10758	475
10758	854
10758	1075
10758	1542
10812	573
10812	3817
10812	10837
10837	2241
10837	10812
10849	174
10849	176
10849	189
10849	190
10849	282
10849	460
10849	695
10849	6257
10849	6291
10859	174
10859	189
10859	190
10859	408
10859	460
10859	4302
10859	6320
10872	175
10872	1468
10872	39579
10872	43916
10904	175
10904	10107
10904	10928
10904	10971
10911	175
10911	2398
10911	4956
10911	10107
10911	10928
10911	10971
10911	25059
10911	39558
10911	39729
10928	175
10928	379
10928	10107
10928	10147
10928	10904
10928	10911
10928	10962
10928	10971
10928	25059
10928	39558
10928	39584
10928	39604
10928	39605
10938	175
10938	10107
10940	175
10956	175
10962	175
10962	10107
10962	10928
10971	175
10971	379
10971	1478
10971	2360
10971	2398
10971	10107
10971	10904
10971	10911
10971	10928
10971	28375
10971	39452
10971	39556
10971	39558
10971	49920
10971	87275
11000	176
11000	177
11000	3157
11006	177
11006	695
11006	3137
11011	444
11011	2255
11019	226
11019	267
11019	475
11019	486
11019	854
11019	1201
11019	1695
11019	3444
11019	3935
11019	4806
11019	5243
11019	11070
11019	12321
11019	49370
11027	10756
11032	381
11032	475
11032	854
11032	956
11032	1075
11032	1948
11032	2193
11032	3273
11052	3700
11052	10727
11070	540
11070	1948
11070	3340
11070	4761
11070	11019
11074	185
11074	322
11074	1174
11074	1201
11074	4753
11074	4880
11074	4923
11074	10374
11074	10445
11074	19935
11093	854
11093	10727
11093	11098
11093	11105
11096	209
11096	211
11096	401
11096	854
11096	956
11096	1075
11096	1542
11096	2319
11096	10730
11097	469
11097	483
11097	854
11097	2208
11097	39002
11098	1394
11098	1671
11098	4542
11098	4956
11098	11093
11105	211
11105	381
11105	395
11105	401
11105	486
11105	756
11105	836
11105	1201
11105	1203
11105	1394
11105	1594
11105	2105
11105	2300
11105	2319
11105	2357
11105	2800
11105	3229
11105	3383
11105	3631
11105	4435
11105	4860
11105	4923
11105	5257
11105	5596
11105	10368
11105	10393
11105	11093
11105	11957
11105	29225
11105	39584
11105	39727
11105	39729
11105	57750
11109	241
11109	854
11109	3700
11206	483
11295	854
11295	956
11349	241
11349	272
11349	854
11349	1201
11349	1479
11349	1618
11349	2890
11349	4435
11349	5385
11349	6319
11349	10426
11351	531
11351	854
11351	10374
11352	854
11352	918
11352	1897
11352	2255
11352	10374
11361	209
11361	854
11361	1269
11556	1358
11556	2255
11556	4517
11957	521
11957	1671
11957	4268
11957	4485
11957	4559
11957	4587
11957	4771
11957	8404
11957	10677
11957	11105
11957	21996
12321	226
12321	267
12321	475
12321	486
12321	1695
12321	3444
12321	4806
12321	11019
12505	1394
12546	382
12546	552
12546	1247
12546	23722
12692	756
12692	1201
12722	372
12722	395
12722	1394
12722	4956
12722	38545
12729	1542
12729	3697
12788	756
12788	4531
12835	620
12835	1100
12835	2049
12835	2428
12835	4947
12835	6220
12835	10374
12835	38150
12835	38167
12876	854
12876	3165
12876	3227
12942	2204
13832	4874
13832	19285
13832	49202
14415	513
14415	1153
14415	10441
14415	20251
14428	1251
14428	1356
14428	1415
14428	1430
14428	2798
14428	5406
14428	38588
14428	38736
14428	38878
14428	48457
14441	436
14441	4559
14443	1492
14447	3574
14509	1069
14673	918
14767	18595
14814	695
14814	33866
14861	4268
14861	4956
14861	21996
14869	854
14869	914
14869	918
14869	1075
14869	1542
14898	2255
14961	19031
14964	19538
14967	3486
14967	19481
14988	2050
14988	3580
15123	708
15123	918
15123	1356
15123	1426
15123	1430
15123	4956
15123	38736
16776	947
16776	3229
16776	5267
16817	18916
16936	1201
17205	5187
17205	18399
18004	10137
18190	486
18190	4730
18190	19755
18399	17205
18415	291
18415	854
18415	1010
18415	1174
18415	1394
18415	4808
18415	10624
18415	48968
18426	106785
18430	1080
18430	106796
18446	106815
18478	1010
18478	1661
18534	106940
18595	14767
18627	918
18627	5411
18627	10374
18714	19298
18735	107297
18768	10145
18768	107428
18808	4770
18808	4858
18808	39556
18898	573
18900	38595
18916	16817
18916	107802
18931	6479
18931	107863
18993	854
18993	3439
19031	14961
19048	1201
19048	2255
19048	4793
19048	90893
19074	4956
19074	108117
19096	401
19096	1394
19096	4435
19096	8703
19156	105847
19161	685
19161	918
19161	1200
19161	1245
19161	48473
19161	48576
19162	4088
19162	4517
19162	108340
19164	6199
19164	108342
19174	5406
19177	1201
19177	2027
19194	1478
19194	39559
19285	4874
19285	13832
19285	49202
19293	19294
19293	108555
19294	19293
19294	108555
19298	18714
19303	1679
19378	4531
19378	4587
19385	2398
19404	350
19404	1948
19404	3682
19404	6122
19404	6139
19404	6155
19456	724
19459	267
19459	956
19459	108860
19464	577
19481	3486
19481	14967
19510	10412
19537	24695
19538	14964
19541	43679
19565	521
19565	3999
19565	4268
19574	1174
19580	242
19580	381
19580	854
19580	1174
19580	1394
19580	39729
19580	39750
19585	4078
19603	1594
19603	3813
19603	39727
19656	445
19710	783
19710	2727
19710	4771
19755	914
19755	4559
19755	4730
19755	18190
19768	2050
19768	6752
19768	38545
19769	4492
19835	332
19835	2660
19835	4864
19860	1594
19860	39727
19914	106562
19935	11074
19935	109724
19955	42480
19955	107001
19955	109773
19957	103033
19957	107180
19957	109780
19957	109806
20104	486
20104	3935
20104	4657
20104	4914
20104	5189
20104	5205
20104	5209
20107	1395
20150	445
20251	14415
21008	111897
21996	222
21996	521
21996	1019
21996	1395
21996	4268
21996	4956
21996	11957
21996	14861
22142	854
22142	3703
22142	3817
22142	4151
22782	842
22782	1174
22782	6439
23722	12546
24266	341
24266	491
24266	854
24266	956
24266	1542
24266	1922
24266	2193
24300	341
24300	1075
24695	854
24695	4914
24695	8626
24695	19537
24695	24732
24732	24695
25059	379
25059	10911
25059	10928
25059	39746
25406	408
26885	2357
26885	38364
26885	39750
28366	2204
28366	2255
28366	49349
28366	109706
28375	4770
28375	10971
28375	39630
28399	1108
28399	2357
28399	120872
28434	39770
28804	444
28804	1075
28829	445
28829	739
28900	1948
29175	4771
29175	4914
29225	11105
29286	975
29286	2638
29286	4923
29294	3074
29353	457
29522	29557
29557	29522
29557	39770
33303	4874
33491	854
33491	1542
33866	14814
34352	854
34352	1351
34352	1479
34352	2361
34352	6139
35141	111565
35141	111568
35141	118351
38150	620
38150	925
38150	12835
38150	38167
38167	620
38167	1394
38167	12835
38167	38150
38201	1403
38230	1356
38230	1415
38230	1430
38230	4771
38230	4956
38230	38736
38289	1660
38289	3206
38289	7449
38364	1474
38364	7590
38364	26885
38364	49918
38364	49938
38368	854
38368	918
38368	2357
38368	3580
38368	4771
38368	6752
38368	39750
38371	1394
38371	2204
38428	1201
38436	661
38436	756
38436	1098
38436	3747
38436	4771
38495	1394
38515	1415
38515	1430
38537	38545
38545	1394
38545	2050
38545	12722
38545	19768
38545	38537
38588	1356
38588	1415
38588	14428
38588	38736
38595	18900
38706	1430
38706	38736
38706	38878
38736	1356
38736	1415
38736	1426
38736	4956
38736	14428
38736	15123
38736	38230
38736	38588
38736	38706
38736	38741
38741	38736
38741	124522
38878	1430
38878	5406
38878	14428
38878	38706
38896	2890
38992	854
38992	1075
39002	854
39002	918
39002	1174
39002	11097
39002	117729
39206	661
39219	661
39222	661
39222	842
39233	661
39233	39623
39311	677
39332	854
39332	918
39332	1394
39332	2204
39332	4956
39332	5908
39434	1478
39452	854
39452	10971
39556	4770
39556	10137
39556	10147
39556	10971
39556	18808
39558	10107
39558	10147
39558	10911
39558	10928
39558	10971
39558	39584
39559	918
39559	10137
39559	19194
39559	39584
39561	1478
39561	4858
39561	39612
39579	1468
39579	10872
39579	43916
39584	708
39584	918
39584	4947
39584	4956
39584	10137
39584	10147
39584	10928
39584	11105
39584	39558
39584	39559
39584	39622
39584	39630
39584	42014
39602	4770
39602	39604
39602	39630
39602	49920
39603	39630
39604	10928
39604	39602
39604	39622
39605	939
39605	10928
39612	1201
39612	4858
39612	39561
39619	10147
39619	39630
39619	103924
39619	107420
39619	110073
39622	10147
39622	39584
39622	39604
39622	39630
39622	42014
39622	100025
39623	880
39623	39233
39630	4956
39630	10147
39630	28375
39630	39584
39630	39602
39630	39603
39630	39619
39630	39622
39630	49920
39648	914
39648	5808
39669	6756
39700	854
39700	914
39723	708
39723	918
39727	708
39727	1394
39727	1594
39727	1679
39727	4771
39727	6424
39727	11105
39727	19603
39727	19860
39729	708
39729	880
39729	918
39729	2204
39729	4956
39729	10145
39729	10911
39729	11105
39729	19580
39729	41970
39729	49920
39745	708
39745	4956
39746	708
39746	918
39746	25059
39750	708
39750	1394
39750	1679
39750	2050
39750	2357
39750	4956
39750	10616
39750	19580
39750	26885
39750	38368
39770	1201
39770	28434
39770	29557
39951	1948
41048	10426
41069	3245
41970	880
41970	39729
41970	49920
42014	880
42014	10137
42014	39584
42014	39622
42014	49920
42480	19955
42480	109773
43122	1940
43500	985
43679	1010
43679	10432
43679	19541
43916	10872
43916	39579
44200	1075
44200	3207
44990	2255
44990	2366
44990	3909
45248	109625
46620	2050
46620	6289
46620	49101
48457	1251
48457	14428
48473	19161
48576	19161
48860	1274
48895	5257
48968	18415
48990	4161
49101	2050
49101	46620
49101	107956
49140	103751
49140	109617
49143	49152
49147	1406
49152	49143
49202	1307
49202	4874
49202	13832
49202	19285
49304	1725
49340	4771
49349	2204
49349	28366
49349	109706
49370	1695
49370	5243
49370	11019
49383	1786
49383	49386
49386	1786
49386	49383
49410	4542
49415	2344
49415	4542
49564	1346
49573	1346
49624	1351
49804	1827
49804	8704
49824	4770
49841	1381
49865	1388
49906	1394
49906	2357
49918	1394
49918	10616
49918	38364
49918	56332
49920	1394
49920	2357
49920	4770
49920	10137
49920	10147
49920	10971
49920	39602
49920	39630
49920	39729
49920	41970
49920	42014
49938	1394
49938	1474
49938	2357
49938	7590
49938	38364
49938	56332
49968	1394
49973	1394
49980	1394
50005	1395
55195	1671
55591	3313
56332	49918
56332	49938
57750	11105
59010	1970
87275	10971
90893	19048
100025	39622
100953	103751
100953	103754
100953	103755
100953	103756
100953	103757
102100	121693
103033	19957
103033	107180
103033	109806
103751	49140
103751	100953
103754	100953
103754	103755
103754	103757
103754	106105
103755	100953
103755	103754
103755	103757
103756	100953
103757	100953
103757	103754
103757	103755
103924	39619
103924	107420
103924	110073
103924	138741
104768	104769
104769	104768
105847	19156
106105	103754
106562	19914
106584	118340
106785	18426
106796	18430
106815	18446
106940	18534
107001	19955
107179	107180
107180	19957
107180	103033
107180	107179
107297	18735
107420	39619
107420	103924
107420	110073
107428	18768
107802	18916
107863	18931
107956	49101
108117	19074
108340	19162
108342	19164
108555	19293
108555	19294
108860	19459
109617	49140
109625	45248
109706	28366
109706	49349
109724	19935
109773	19955
109773	42480
109780	19957
109806	19957
109806	103033
110073	39619
110073	103924
110073	107420
110523	138741
111565	35141
111565	111568
111565	118351
111568	35141
111568	111565
111568	118351
111897	21008
113659	113660
113660	113659
117729	39002
117729	179156
118340	106584
118351	35141
118351	111565
118351	111568
120872	28399
121693	102100
124522	38741
124862	124863
124863	124862
129893	129894
129894	129893
138741	103924
138741	110523
143249	10616
179156	117729
